# oST version 5.0 parameters


[image]

width
640

height
480

[webcam]

camera matrix
815.009536 0.000000 294.563548
0.000000 809.094381 269.171072
0.000000 0.000000 1.000000

distortion
-0.049991 0.158987 -0.004302 -0.004644 0.000000

rectification
1.000000 0.000000 0.000000
0.000000 1.000000 0.000000
0.000000 0.000000 1.000000

projection
813.756226 0.000000 292.247519 0.000000
0.000000 808.278992 267.191230 0.000000
0.000000 0.000000 1.000000 0.000000
